Number of threads = 1
0.073681
0.073634
0.073752
0.073763
0.073665
0.073764
0.073672
0.073646
0.073725
0.074031

Number of threads = 2
0.039713
0.040849
0.039926
0.040212
0.039394
0.039456
0.039296
0.038882
0.040572
0.039481

Number of threads = 4
0.022777
0.022775
0.022894
0.023179
0.023321
0.023266
0.023290
0.023368
0.022842
0.023364

Number of threads = 8
0.016457
0.016433
0.016591
0.016517
0.016456
0.016593
0.016549
0.016505
0.016401
0.017064

Number of threads = 16
0.015480
0.013834
0.013593
0.013327
0.013583
0.013430
0.013301
0.013652
0.013336
0.014330

Number of threads = 32
0.018627
0.018724
0.018688
0.019229
0.019476
0.019056
0.018587
0.018963
0.018471
0.018639
