Number of threads = 1
7.419451
7.466251
7.417866
7.416945
7.418140
7.418671
7.418503
7.418168
7.492216
7.429431

Number of threads = 2
3.821767
3.750288
3.738246
3.736575
3.757299
3.819890
3.733363
3.741664
3.747903
3.743760

Number of threads = 4
2.053265
2.058141
2.053724
2.059393
2.050148
2.052629
2.095056
2.055580
2.053449
2.105099

Number of threads = 8
1.184821
1.189186
1.189923
1.185257
1.191668
1.187718
1.215763
1.185002
1.188437
1.185513

Number of threads = 16
0.606522
0.604872
0.603463
0.603725
0.603857
0.604252
0.603015
0.604154
0.605258
0.604483

Number of threads = 32
0.322344
0.321944
0.322466
0.322409
0.321398
0.322731
0.321484
0.324684
0.323744
0.322590
