Number of threads = 1
0.000814
0.000813
0.000813
0.000814
0.000814
0.000812
0.000813
0.000813
0.000811
0.000818

Number of threads = 2
0.001551
0.001574
0.001532
0.001538
0.001529
0.001644
0.001548
0.001569
0.001559
0.001596

Number of threads = 4
0.001996
0.001908
0.001887
0.001903
0.001800
0.001902
0.001963
0.001806
0.001677
0.001952

Number of threads = 8
0.003259
0.003035
0.003341
0.003015
0.003212
0.003103
0.003050
0.003139
0.003125
0.003043

Number of threads = 16
0.006160
0.005917
0.005914
0.005833
0.006530
0.005855
0.005839
0.005872
0.006025
0.005870

Number of threads = 32
0.012008
0.012621
0.013325
0.012956
0.015181
0.013097
0.013061
0.014838
0.013993
0.014861
